10054,2 11.0
10032,2 9.99
10026,3 14.809999
10050,2 9.85
10069,4 18.67
10085,3 13.85
10086,3 13.610001
10080,3 13.47
10096,3 13.469999
10081,4 17.89
10092,4 17.89
10015,4 17.85
10037,1 4.42
10060,4 17.62
10065,5 21.89
10064,4 17.23
10087,2 8.440001
10006,3 12.460001
10042,3 12.460001
10072,3 12.46
10083,5 20.72
10075,4 16.5
10098,4 16.32
10025,4 16.08
10099,5 20.01
10066,3 12.0
10093,5 19.96
10023,2 7.8999996
10056,2 7.8999996
10062,3 11.79
10045,5 19.54
10020,5 19.4
10009,5 19.17
10029,3 11.49
10067,3 11.49
10097,3 11.49
10046,3 11.4
10057,3 11.35
10058,5 18.89
10047,4 14.97
10084,4 14.969999
10016,7 26.12
10063,4 14.750001
10002,5 18.35
10024,2 7.07
10051,6 20.82
10048,4 13.82
10010,6 20.7
10019,6 20.349998
10014,6 20.32
10095,5 16.92
10073,5 16.779999
10078,5 16.72
10012,4 13.33
10003,5 16.65
10055,6 19.960001
10059,4 13.29
10017,5 16.54
10061,4 13.21
10088,6 19.759998
10008,5 16.4
10074,3 9.83
10049,7 22.470001
10011,4 12.78
10030,5 15.96
10040,6 19.07
10071,4 12.700001
10053,3 9.47
10090,3 9.47
10044,3 9.4
10027,4 12.52
10089,5 15.63
10036,3 9.33
10082,5 15.54
10041,4 12.41
10039,5 15.41
10022,4 12.28
10035,5 15.05
10004,5 14.99
10034,2 5.92
10031,5 14.62
10052,6 17.39
10079,3 8.5
10000,3 8.39
10005,3 8.36
10038,3 8.36
10076,5 13.6
10043,3 7.53
10070,5 12.539999
10001,6 14.879999
10068,1 2.47
10013,3 7.22
10007,4 9.29
10091,3 6.91
10028,5 11.51
10021,5 10.5
10018,3 5.64
10033,4 7.2200003
10077,2 3.09
10094,1 1.5
